3.5454046726226807 0.08912037312984467 2.8184916973114014 0.2202380895614624
2.331418991088867 0.37037035822868347 1.7136286497116089 0.5267857313156128
1.799569010734558 0.5520833134651184 0.7003799676895142 0.7648809552192688
1.648459553718567 0.6712962985038757 0.9055466055870056 0.7767857313156128
1.3414306640625 0.7418981194496155 0.7168606519699097 0.8467262387275696
1.7142705917358398 0.7372685074806213 1.0494569540023804 0.7991071343421936
1.5557600259780884 0.7962962985038757 1.1030668020248413 0.8452380895614624
1.4000943899154663 0.8043981194496155 1.4719271659851074 0.8303571343421936
1.5236012935638428 0.8379629850387573 1.1061681509017944 0.8839285969734192
2.010610342025757 0.8252314925193787 0.907474935054779 0.8928571343421936
1.8818808794021606 0.84375 1.5292516946792603 0.8169642686843872
2.3639962673187256 0.8344907164573669 1.5387976169586182 0.8422619104385376
1.885424256324768 0.8460648059844971 1.487638235092163 0.8199405074119568
1.7982771396636963 0.8356481194496155 1.2055262327194214 0.894345223903656
2.755814790725708 0.8333333134651184 0.5809506177902222 0.9345237612724304
1.8567404747009277 0.8865740895271301 1.6018792390823364 0.8735119104385376
2.242781639099121 0.8553240895271301 0.8289211988449097 0.9032737612724304
1.7333003282546997 0.8854166865348816 0.9508447051048279 0.8764880895614624
1.9460593461990356 0.8599537014961243 0.42683371901512146 0.9226190447807312
2.230485200881958 0.8611111044883728 1.452338695526123 0.925595223903656
1.9666544198989868 0.8946759104728699 1.8636698722839355 0.9017857313156128
3.6712324619293213 0.8506944179534912 2.018683671951294 0.9032737612724304
2.3326427936553955 0.8888888955116272 1.461807370185852 0.9032737612724304
2.2908213138580322 0.8958333134651184 1.2521640062332153 0.9092262387275696
2.11548113822937 0.8877314925193787 1.3874465227127075 0.9002976417541504
1.807945966720581 0.8935185074806213 2.617147445678711 0.8809523582458496
2.284590244293213 0.8784722089767456 0.6996200084686279 0.9404762387275696
2.029653787612915 0.9097222089767456 0.480847030878067 0.949404776096344
1.9505155086517334 0.9074074029922485 0.6796560883522034 0.9523809552192688
2.936971426010132 0.9050925970077515 0.7782238125801086 0.9434523582458496
1.7551348209381104 0.9027777910232544 0.6357738971710205 0.9553571343421936
2.4554312229156494 0.90625 2.2657535076141357 0.9166666269302368
2.447948932647705 0.9120370149612427 1.001599669456482 0.9315476417541504
3.2140307426452637 0.8773148059844971 1.1676068305969238 0.9375
2.5880520343780518 0.9108796119689941 1.2869840860366821 0.9330357313156128
1.704453945159912 0.9120370149612427 0.7647854685783386 0.925595223903656
1.6425728797912598 0.9027777910232544 1.6290925741195679 0.925595223903656
1.9715149402618408 0.9108796119689941 1.7237818241119385 0.8913690447807312
2.6691391468048096 0.9016203880310059 0.9693547487258911 0.9464285969734192
2.163688898086548 0.9201388955116272 1.3355836868286133 0.9241071343421936
3.538344144821167 0.8946759104728699 0.9638962149620056 0.9285714030265808
1.7747818231582642 0.9444444179534912 1.1477731466293335 0.949404776096344
2.6467044353485107 0.9293981194496155 1.0461080074310303 0.949404776096344
2.203341007232666 0.9305555820465088 0.47513777017593384 0.9627976417541504
2.061713933944702 0.9259259104728699 0.760030210018158 0.956845223903656
2.5814836025238037 0.9155092835426331 1.0427789688110352 0.9449405074119568
3.9894702434539795 0.9097222089767456 0.5857250094413757 0.9627976417541504
1.9911123514175415 0.9155092835426331 1.8645106554031372 0.9345237612724304
4.739233493804932 0.8993055820465088 3.4873170852661133 0.9002976417541504
2.3715531826019287 0.9351851940155029 0.5868487358093262 0.9642857313156128
2.1423542499542236 0.9340277910232544 0.4747703969478607 0.949404776096344
2.3564956188201904 0.9282407164573669 3.518157958984375 0.8883928656578064
2.7113070487976074 0.9317129850387573 0.937251627445221 0.9434523582458496
2.765631675720215 0.9270833134651184 0.8173750638961792 0.9702380895614624
3.0078067779541016 0.9525462985038757 0.5544684529304504 0.9449405074119568
3.208477735519409 0.9421296119689941 2.471877098083496 0.9241071343421936
3.2238879203796387 0.9375 0.5196523666381836 0.96875
1.86618971824646 0.9548611044883728 2.86600399017334 0.9166666269302368
4.8362579345703125 0.9189814925193787 2.668760061264038 0.9404762387275696
2.692350387573242 0.9340277910232544 2.124056816101074 0.9196428656578064
2.656200647354126 0.9317129850387573 0.21199409663677216 0.9672619104385376
2.2128546237945557 0.9293981194496155 1.0590234994888306 0.9642857313156128
2.875854969024658 0.9386574029922485 0.5733312964439392 0.96875
2.2965550422668457 0.9467592835426331 1.6627527475357056 0.9479166269302368
2.5216383934020996 0.9456018805503845 2.3852040767669678 0.9360119104385376
4.792474746704102 0.9317129850387573 1.9164538383483887 0.9360119104385376
3.9970669746398926 0.9259259104728699 2.069596290588379 0.9360119104385376
2.6354925632476807 0.9479166865348816 0.8191632628440857 0.9449405074119568
2.4456982612609863 0.9432870149612427 0.5335549712181091 0.9583333730697632
3.4333689212799072 0.9375 3.4741499423980713 0.9389880895614624
3.683867931365967 0.9456018805503845 0.2232574224472046 0.9583333730697632
2.0428779125213623 0.9421296119689941 1.2262884378433228 0.9761905074119568
2.874192953109741 0.9351851940155029 3.329542398452759 0.894345223903656
5.040430545806885 0.9340277910232544 2.0395259857177734 0.9464285969734192
2.596320152282715 0.9432870149612427 1.282477617263794 0.9479166269302368
1.9401506185531616 0.9444444179534912 2.4712986946105957 0.9776785969734192
3.178921937942505 0.9444444179534912 1.5671571493148804 0.9479166269302368
2.9903640747070312 0.9270833134651184 2.1353275775909424 0.9345237612724304
2.2404298782348633 0.9513888955116272 1.9402726888656616 0.8779762387275696
2.729362726211548 0.9398148059844971 1.0315545797348022 0.9330357313156128
