2.0392603874206543 0.43981480598449707 0.6074012517929077 0.7708333730697632
0.482857882976532 0.8449074029922485 0.2702328860759735 0.9077380895614624
0.328226774930954 0.9004629850387573 0.18469835817813873 0.9404762387275696
0.23415009677410126 0.9259259104728699 0.255088210105896 0.9270833730697632
0.18480843305587769 0.9432870149612427 0.11757812649011612 0.96875
0.1895173043012619 0.9456018805503845 0.03413514420390129 0.9866071343421936
0.1764281988143921 0.9421296119689941 0.0665573850274086 0.9732142686843872
0.13114118576049805 0.9606481194496155 0.14340795576572418 0.949404776096344
0.13458064198493958 0.9699074029922485 0.06604598462581635 0.9866071343421936
0.1332790106534958 0.9594907164573669 0.07149122655391693 0.9672619104385376
0.14885874092578888 0.9652777910232544 0.03468163684010506 0.9866071343421936
0.1188218742609024 0.9710648059844971 0.053741469979286194 0.9776785969734192
0.11435045301914215 0.96875 0.037686534225940704 0.9866071343421936
0.11597981303930283 0.9756944179534912 0.03768434375524521 0.9955357313156128
0.12420859187841415 0.96875 0.04529772698879242 0.9791666269302368
0.13775913417339325 0.9710648059844971 0.02615710161626339 0.9910714030265808
0.11006336659193039 0.9780092835426331 0.05617475137114525 0.9955357313156128
0.12426017224788666 0.9733796119689941 0.12938520312309265 0.9732142686843872
0.10908724367618561 0.9699074029922485 0.04380067065358162 0.9717262387275696
0.10504709929227829 0.9699074029922485 0.02463728003203869 0.9895833730697632
0.10032916069030762 0.9745370149612427 0.02021862380206585 0.9910714030265808
0.08748820424079895 0.9780092835426331 0.03108237497508526 0.9910714030265808
0.1244904175400734 0.9699074029922485 0.04166588932275772 0.9955357313156128
0.09426002204418182 0.9768518805503845 0.02147071063518524 0.9851190447807312
0.11833116412162781 0.9733796119689941 0.09845252335071564 0.9672619104385376
0.0998353362083435 0.9733796119689941 0.02823471836745739 0.9821428656578064
0.10977797955274582 0.9756944179534912 0.024941837415099144 0.9910714030265808
0.09713432192802429 0.9780092835426331 0.011792956851422787 0.9955357313156128
0.08254942297935486 0.9837962985038757 0.01930488646030426 0.9910714030265808
0.11265160143375397 0.9780092835426331 0.054369159042835236 0.9866071343421936
0.1010436862707138 0.9803240895271301 0.03902091458439827 0.9821428656578064
0.08031660318374634 0.9837962985038757 0.022215476259589195 0.9910714030265808
0.0939943715929985 0.9814814925193787 0.04427805915474892 0.9910714030265808
0.08862126618623734 0.9791666865348816 0.029533011838793755 0.9866071343421936
0.08149953186511993 0.9849537014961243 0.014872496016323566 0.9955357313156128
0.11308114975690842 0.9826388955116272 0.047965969890356064 0.9866071343421936
0.13310295343399048 0.9780092835426331 0.0627024844288826 0.980654776096344
0.12550313770771027 0.9756944179534912 0.059161845594644547 0.9866071343421936
0.07328572869300842 0.9814814925193787 0.08520616590976715 0.9732142686843872
0.1304406225681305 0.9722222089767456 0.10262137651443481 0.9851190447807312
0.09833885729312897 0.9768518805503845 0.0235550906509161 0.9910714030265808
0.09556493163108826 0.9791666865348816 0.14242635667324066 0.9717262387275696
0.08158279955387115 0.9849537014961243 0.018856139853596687 0.9955357313156128
0.11737220734357834 0.9814814925193787 0.03063471056520939 0.9866071343421936
0.13392969965934753 0.9780092835426331 0.007104332093149424 0.9955357313156128
0.07494386285543442 0.9861111044883728 0.00428821099922061 1.0
0.11023932695388794 0.9756944179534912 0.04201612249016762 0.9895833730697632
0.10517451167106628 0.9803240895271301 0.05246187001466751 0.9851190447807312
0.060433704406023026 0.9826388955116272 0.1597398817539215 0.9702380895614624
0.08897913247346878 0.9803240895271301 0.009308850392699242 0.9955357313156128
0.10715874284505844 0.9826388955116272 0.012892351485788822 0.9955357313156128
0.08359683305025101 0.9826388955116272 0.01480149570852518 0.9955357313156128
0.08627063781023026 0.9861111044883728 0.026556555181741714 0.9910714030265808
0.10147158056497574 0.9837962985038757 0.01950228214263916 0.9851190447807312
0.1139579713344574 0.9861111044883728 0.04290584847331047 0.9866071343421936
0.11907494813203812 0.9861111044883728 0.007162279915064573 0.9955357313156128
0.07219695299863815 0.9872685074806213 0.002894158475100994 1.0
0.08834929764270782 0.9849537014961243 0.02634364366531372 0.9910714030265808
0.09180566668510437 0.9803240895271301 0.04948301985859871 0.9866071343421936
0.09524821490049362 0.9756944179534912 0.017249954864382744 0.9940476417541504
0.11826252937316895 0.9826388955116272 0.028198035433888435 0.9866071343421936
0.09324619174003601 0.9861111044883728 0.00046911436947993934 1.0
0.11886579543352127 0.9861111044883728 0.03430768474936485 0.9955357313156128
0.11941475421190262 0.9837962985038757 0.0027454039081931114 1.0
0.11909469217061996 0.9756944179534912 0.06056329980492592 0.9910714030265808
0.10941792279481888 0.9837962985038757 0.003372490406036377 1.0
0.08463236689567566 0.9849537014961243 0.02098596841096878 0.9955357313156128
0.1191895455121994 0.9814814925193787 0.0013727308250963688 1.0
0.07239709794521332 0.9826388955116272 0.030603662133216858 0.9955357313156128
0.0747963935136795 0.9861111044883728 0.008359167724847794 0.9940476417541504
0.11453165858983994 0.9814814925193787 0.020883120596408844 0.9955357313156128
0.058943625539541245 0.9861111044883728 0.03589726984500885 0.9940476417541504
0.11847274750471115 0.9837962985038757 0.014978351071476936 0.9955357313156128
0.11242904514074326 0.9837962985038757 0.0325227752327919 0.9895833730697632
0.09347211569547653 0.9814814925193787 0.05113647133111954 0.9851190447807312
0.13061577081680298 0.9780092835426331 0.01984281837940216 0.9895833730697632
0.07556947320699692 0.9849537014961243 0.010477299802005291 0.9955357313156128
0.09081640094518661 0.9803240895271301 0.028874849900603294 0.9955357313156128
0.07706461101770401 0.9861111044883728 0.0037390803918242455 0.9955357313156128
0.08468304574489594 0.9814814925193787 0.024696767330169678 0.9910714030265808
