2.4514801502227783 0.33796295523643494 0.9112323522567749 0.7217262387275696
0.7809617519378662 0.7418981194496155 0.381378710269928 0.8794642686843872
0.39529016613960266 0.8634259104728699 0.16604146361351013 0.9330357313156128
0.3338751196861267 0.9085648059844971 0.12278667092323303 0.956845223903656
0.24404536187648773 0.9293981194496155 0.14639346301555634 0.9538690447807312
0.23222525417804718 0.9328703880310059 0.07112280279397964 0.9732142686843872
0.21248257160186768 0.9444444179534912 0.23075181245803833 0.9613094925880432
0.2179114669561386 0.9467592835426331 0.10721860826015472 0.96875
0.16650809347629547 0.9537037014961243 0.2683911919593811 0.9523809552192688
0.1875893920660019 0.9490740895271301 0.09348640590906143 0.9776785969734192
0.16065414249897003 0.9571759104728699 0.09905056655406952 0.9642857313156128
0.10947268456220627 0.9641203880310059 0.04195250943303108 0.9776785969734192
0.16970936954021454 0.9583333134651184 0.057091716676950455 0.9821428656578064
0.17927396297454834 0.9675925970077515 0.07355789095163345 0.9821428656578064
0.1845935732126236 0.9629629850387573 0.05195625126361847 0.9776785969734192
0.19273720681667328 0.9513888955116272 0.030210809782147408 0.9910714030265808
0.15129920840263367 0.9699074029922485 0.08318065106868744 0.9657737612724304
0.1551917940378189 0.9560185074806213 0.09727709740400314 0.9776785969734192
0.13864170014858246 0.9699074029922485 0.055791158229112625 0.980654776096344
0.12414941936731339 0.9710648059844971 0.05711871758103371 0.9836309552192688
0.11543890833854675 0.9768518805503845 0.03662881627678871 0.980654776096344
0.12028389424085617 0.9745370149612427 0.024234695360064507 0.9866071343421936
0.14883996546268463 0.96875 0.06264828890562057 0.9761905074119568
0.14966623485088348 0.9652777910232544 0.0880081057548523 0.9776785969734192
0.12603701651096344 0.9664351940155029 0.012578352354466915 0.9895833730697632
0.12078189849853516 0.9733796119689941 0.14395654201507568 0.9717262387275696
0.1579500287771225 0.96875 0.009988389909267426 1.0
0.12354782968759537 0.9733796119689941 0.03145262598991394 0.9955357313156128
0.12232521176338196 0.9745370149612427 0.03247714415192604 0.9910714030265808
0.09384577721357346 0.9710648059844971 0.05469663068652153 0.9776785969734192
0.15243123471736908 0.9675925970077515 0.024615325033664703 0.9910714030265808
0.11682332307100296 0.9803240895271301 0.06313807517290115 0.9866071343421936
0.11283255368471146 0.9722222089767456 0.20051799714565277 0.9627976417541504
0.09592301398515701 0.9745370149612427 0.019438374787569046 0.9851190447807312
0.13700799643993378 0.9675925970077515 0.0190717913210392 0.9910714030265808
0.1575510948896408 0.9745370149612427 0.04139716178178787 0.9910714030265808
0.09682046622037888 0.9768518805503845 0.0976327583193779 0.9776785969734192
0.12545011937618256 0.9675925970077515 0.03456295654177666 0.9866071343421936
0.07149249315261841 0.9814814925193787 0.0662115141749382 0.980654776096344
0.09571903944015503 0.9803240895271301 0.08280821144580841 0.9895833730697632
0.14469631016254425 0.9780092835426331 0.042147256433963776 0.9821428656578064
0.13850456476211548 0.9710648059844971 0.023850157856941223 0.9910714030265808
0.09340912103652954 0.9814814925193787 0.12037382274866104 0.9672619104385376
0.11477893590927124 0.9768518805503845 0.057981327176094055 0.9851190447807312
0.12447728216648102 0.9733796119689941 0.07795415818691254 0.9776785969734192
0.1098002940416336 0.9733796119689941 0.01301424391567707 1.0
0.11450278013944626 0.9699074029922485 0.07511664181947708 0.9910714030265808
0.14052197337150574 0.9780092835426331 0.09451374411582947 0.9866071343421936
0.12884701788425446 0.9733796119689941 0.008616023696959019 0.9955357313156128
0.10964799672365189 0.9780092835426331 0.07030508667230606 0.9851190447807312
0.10707542300224304 0.9768518805503845 0.05808643996715546 0.9895833730697632
0.12500955164432526 0.9722222089767456 0.13171333074569702 0.980654776096344
0.18104566633701324 0.9768518805503845 0.06427078694105148 0.9851190447807312
0.10386402159929276 0.9768518805503845 0.016072429716587067 0.9910714030265808
0.1704244315624237 0.9745370149612427 0.0825795829296112 0.9866071343421936
0.15532411634922028 0.9745370149612427 0.050287604331970215 0.9910714030265808
0.11000027507543564 0.9791666865348816 0.08418155461549759 0.9910714030265808
0.1507841795682907 0.9652777910232544 0.0655968114733696 0.9732142686843872
0.1106247827410698 0.9768518805503845 0.09667409211397171 0.9642857313156128
0.13137930631637573 0.9756944179534912 0.02905924804508686 0.9910714030265808
0.10688115656375885 0.9768518805503845 0.013445580378174782 0.9910714030265808
0.14812274277210236 0.9756944179534912 0.002054997719824314 1.0
0.13794249296188354 0.9791666865348816 0.1341712325811386 0.9910714030265808
0.10006708651781082 0.9826388955116272 0.039180368185043335 0.9955357313156128
0.12412596493959427 0.9814814925193787 0.003730311756953597 1.0
0.1228378638625145 0.9710648059844971 0.010991370305418968 0.9955357313156128
0.14994707703590393 0.9849537014961243 0.07185015082359314 0.9821428656578064
0.10221146792173386 0.9780092835426331 0.09181074053049088 0.980654776096344
0.16257832944393158 0.9768518805503845 0.04257902875542641 0.9955357313156128
0.1042606458067894 0.9768518805503845 0.029851092025637627 0.9866071343421936
0.10070933401584625 0.9780092835426331 0.046713631600141525 0.9955357313156128
0.15717382729053497 0.9756944179534912 0.022264547646045685 0.9895833730697632
0.1540454775094986 0.9710648059844971 0.24317359924316406 0.9583333730697632
0.11717700958251953 0.9803240895271301 0.29101642966270447 0.9449405074119568
0.1021164059638977 0.9756944179534912 0.18950515985488892 0.9866071343421936
0.12235002219676971 0.9768518805503845 0.11210194230079651 0.9866071343421936
0.12231474369764328 0.9814814925193787 0.16978886723518372 0.9821428656578064
0.18401594460010529 0.9745370149612427 0.0919773131608963 0.9866071343421936
0.15946143865585327 0.9768518805503845 0.04245714843273163 0.9910714030265808
0.15019740164279938 0.9733796119689941 0.40404847264289856 0.9553571343421936
